23.094710048004064
22.259911678686308
35.93632831887865
44.611828449897416
32.15680942161074
34.762234706256386
46.67180901057549
31.889877727296344
40.080961476474215
37.23492820794616
22.360351050107077
44.89762416888816
46.52490829991481
42.629775565805254
31.286218892163646
25.927156297102037
36.32850955659777
57.721400483572964
51.92827054817613
24.564840066892913
32.38916880886642
47.94710023174243
43.82490586318856
38.641835766059714
28.087758468222177
31.714521227299656
31.641223695097214
30.727879621463035
35.31794486631789
27.4509522274241
55.50099892196854
39.11851958790486
40.39660600874879
50.33979388184632
28.971717351071575
36.60250478793184
40.70291691166903
39.54479153543326
38.46357998185785
17.395564400897765
31.978710708960485
45.740531889117726
39.50930920092005
54.218171472392314
36.35985632911759
47.027947892987335
45.05849867704439
48.638362788551966
40.73137142671436
36.52461400499415
40.420160025947716
30.840266680217198
25.87791230242142
16.285045118217315
23.495213682090377
34.696014783545735
39.024684199179056
17.479354926129034
33.358372359309875
41.89353624847087
36.392339967146185
48.007084150804324
34.455130572151276
39.353103453127765
48.11350312638994
30.274715644875833
34.36948435981685
35.113136269423215
22.115080501497225
20.452940139257947
34.50954446117505
42.59652938311497
34.22088876280035
37.44933263790762
41.142049061591955
16.445900598939925
41.3180156906931
51.28783250042176
38.769034495969436
46.59664108981453
22.755904160312387
26.034266710913347
44.36335965315631
26.26525832970992
50.629228182034076
31.261100193746515
37.55038274182455
45.53618017415194
40.32478432018252
27.425326678150928
37.074086683695434
49.427684427653524
48.97921395872376
45.936209566153536
23.75192606561213
43.03615438881811
44.920336387506175
31.55263549257152
34.13193822385893
53.83015096243327
19.72251198589476
34.79960691849884
53.191733070569285
39.795053884028704
27.14833796454792
34.6964109567869
55.016954622467395
17.666217781540716
53.132222225497394
28.684919850057568
24.353534163201587
58.2421761306943
39.698656051138286
35.54352890826498
36.14639748455729
49.549363347973674
33.650177268159496
46.538848785168234
28.88827653257952
42.61366755185198
40.87311864444421
30.97442798925252
52.6120768967952
31.087009668225022
51.054281999749016
36.166248634179595
49.76059620159033
61.30216262756785
48.01045932388649
37.968440726604165
43.675516366575856
40.75973600238717
44.80148129134887
29.879671356240703
52.61139855071547
35.68832675221947
45.45564528284064
38.93927027087054
21.264936475507824
20.9293256005041
37.31114755185241
47.20026458760043
33.26032260307792
33.52129954028178
29.454306187705512
58.67851899480648
48.22457181489222
27.781380833728395
33.17857644340704
44.2149149284826
46.67476762360068
34.347015184074024
26.062177851198285
45.648981422781105
36.23378204987927
41.9901323147572
47.65491474510099
57.07373881925551
59.16641584360099
50.40917287057275
46.21977322426295
59.23544002369054
42.74281089977333
58.73262471819831
43.23568117700177
40.38674763484375
34.47145262340598
53.973800367487996
52.42882850553852
44.90576381953027
32.048734767562514
50.94121550269816
56.68138129082148
70.18292815593877
45.240249708279705
25.438727566272732
40.45564704465719
43.894950175213346
24.86461751455983
54.091191539877684
45.22729637710087
23.740540473536868
34.10277022013352
31.310606829499385
31.084986588482302
36.913590301037644
45.21947912438867
39.78537136659727
52.81378933958163
40.0633028856977
58.551349032375455
37.813706484609895
38.22771125329564
47.78757007344143
39.293429167284394
51.66401581506093
24.702809564097343
41.60043062042853
57.715392011262225
38.23730414064794
12.479760105096936
61.25057319688144
39.737980322389575
49.0620307946033
52.34858566584669
14.326918281060813
45.44278253033396
35.163973113891544
44.833930907745916
40.715248840539886
60.25210056484414
28.49226043569306
43.43260261699878
44.97933906920676
26.13777509250933
23.90540059831502
35.56160367955771
44.22269892333778
39.41530098060299
38.588247920392526
35.620513821665966
33.72767252471984
42.014943280277556
42.2022704313007
61.41859000380041
45.47750225045827
43.98291454431374
44.931476753981954
23.357039298433527
42.87033795529867
46.78138137328102
54.27283628997577
43.16705406500559
36.88112105486507
53.33541183518385
42.61557338126836
54.325128636430705
27.10225572356331
36.282324643568856
18.52268667338334
18.249409735710152
23.500691436882185
28.092346919072586
37.188214648007616
30.79756728851865
49.98591759557171
42.826288669822176
52.70296971799556
35.884396156528226
36.29175528916874
40.04998592755015
32.46113951920775
58.297885505677016
47.11821221739306
43.43770117225971
44.4400239959145
29.492211329379234
47.161207166937096
35.92600717730292
33.70043446697685
40.204286641469764
48.401831981573
29.626801361084304
36.82021043176174
36.631576568362256
50.70657469551124
51.23692198520996
32.10476062743159
40.54968082860143
50.16330841611973
48.990377190218325
36.320926808435594
31.071504539542623
43.44302533045372
39.69967670250227
47.468715739499444
31.653892342296963
76.78503985833532
47.69859710431027
35.676292452213914
32.165211291534035
33.20859824581411
18.479616114264115
35.66474296356534
32.51067467691122
26.828304437732072
39.78257878165355
43.29529291122836
47.1529614768699
16.246384538989062
7.204820437598364
46.45550803915827
46.859341817353
36.02313784585538
34.10334535654287
39.12436759944757
44.18059604243534
42.699348132982365
26.640300929540697
60.008518770302615
51.78185380372245
40.28745859887084
24.75997996087813
49.121483758264105
22.92590022098025
21.715675971135507
36.17965898199545
38.84436340057974
42.95273802507491
44.720720622891164
44.7378024890652
43.24410823284515
37.43906488521904
25.52623720621751
52.582578760958924
40.59672990098036
58.36395264347069
29.72764416418718
44.8992746529412
49.885330605345764
34.431743663364664
35.93084833724526
68.14344504205286
39.891505754326985
48.92749695055239
16.338498518212447
46.05144584530186
48.64976500462203
36.51180730400494
48.176918049264884
42.47764606224619
49.634706792711995
52.8740294097305
32.45055484609441
36.04421003974904
43.32225949992745
27.36236918558832
50.02206529178482
32.374898038976795
34.14809837699193
42.058842918117506
39.19516697015447
47.47510046091419
46.267798438175845
25.34166686959292
21.225066064822443
39.60334851137683
35.68441556311556
26.05077277369987
50.29141331558412
44.22378401875674
47.05882529947963
36.68312107369785
45.40297687879302
42.94637776002856
54.03774714650039
46.326237947945295
33.247029955603004
35.07553401776004
68.33551199471
44.33248530161093
37.93708888152965
43.992925024962354
50.438778432614185
51.54249273783858
64.8951874891759
47.95504375614774
30.17571110131481
55.381372054378545
32.62390307447058
35.801245574172185
38.85679836759004
23.787472839678255
49.147826799653956
53.937273515795255
35.402649947035506
40.45384284428271
29.083516677596215
52.07339357966564
48.73186467770187
47.532320579329294
26.07976826382007
41.20103519069357
24.435322410735456
39.14446747898421
35.992185263495486
23.646138382382315
41.512307569769696
48.12750124972483
35.88637184077137
42.189497381684994
30.552804899182703
43.55537438546264
39.214028214796365
65.34059343727284
37.06047498012755
42.416996738771
29.346365326636306
33.916640280799186
48.63271827933538
59.23240255928633
38.08075040466367
51.52357706430915
42.778380537106806
52.45556500857242
39.43758349527724
52.24768746732167
37.94800974595922
28.433463783533433
50.22992870186272
17.95954188514788
40.84674481894946
36.02114539056929
15.605640719660826
44.715127199061286
48.52675997196657
64.84699492786531
44.51412394113333
50.57419720599935
41.57943262522946
42.15885564548096
24.83411991837252
45.82955609505535
50.407565095117874
53.84735280529352
18.80758554062432
50.03053141855154
59.82262505566081
44.76634597434027
38.00601580875959
29.5884546393741
41.08178381127597
36.62861000498027
42.674445822440426
34.70703980260178
46.75523448593091
51.54934022421532
38.74485954755457
48.766066982226256
54.154456968358176
34.89465930752957
45.37343662554919
27.098175648039167
32.643938156021136
44.65911656700558
41.33129514950582
50.84536465812532
43.00740500761799
31.233761180604848
38.3149017104947
44.37646708440879
47.33428385929274
34.776591761849474
20.203772523481508
39.159008573830015
47.182573049481384
25.478196152067103
37.80241865614775
37.962635163785734
54.61587142913218
42.36588837669273
35.33927157442148
47.274905265395454
60.9226217338319
45.358222676217764
49.208247644064166
39.292942585120024
48.990454669803995
39.69194933370152
19.802438375815644
41.59155879740906
42.89455055579694
53.60974406713471
45.71881745894404
28.218892484727654
37.326648634258
36.030642801029735
31.76487721066671
47.34890883361209
20.563405534802804
58.54059315647967
39.371610074030514
54.48394686608857
48.362088602717456
48.525331277325954
50.59497434028178
24.872721281354625
28.489830199310564
37.90251982728011
23.520649656241474
40.09909587093051
39.08068864376242
35.269702172495
41.78844255876414
26.09546546921736
57.05131216370353
36.08176822280126
38.10282957059433
44.515634535733625
34.910134278459786
22.856744787229093
43.06493919891062
33.56333163397994
39.246142616659945
33.43506762211384
41.08659792200735
30.316457104478044
31.236232799909793
40.51512053720704
24.48135220139403
29.496155897480715
42.130834216542546
55.67537447652756
52.02584480589272
43.223320478961774
46.30018171486002
59.250766492972176
41.60818009263458
35.980114156808376
12.258559760289415
43.939800812189944
51.60915282639553
30.094266839519612
47.65937256830842
31.789980406840876
38.47241306357823
29.670725405554784
36.71234997296634
61.135989757210105
36.90859770534985
50.49687312664769
47.10311852181849
21.896874527097687
33.071252169904895
50.723747858193704
42.841644038314406
38.68299253200202
33.420005863810005
41.560560465132184
31.784649373020713
42.95195770909782
38.70316627986307
33.67007367872098
39.21941364217069
40.087980143807044
33.28772465939565
58.928412350810916
29.95660500954601
47.39591728543652
53.88157051321703
32.65260332985059
40.397028012255376
37.3884584895054
28.8867428589571
39.98581119876629
40.87772411101328
35.10112641114809
35.79841736011749
26.25040201051286
53.80290419668039
38.09130487474219
49.0373617769697
39.226482914661545
41.70817982561741
39.05593174846216
24.376596080680795
33.355660067799334
30.897798289774748
36.035028945093686
37.87257104629517
34.10955634384608
48.52272384731279
27.188315709227844
46.10166166057469
44.360889439309396
44.587318962292386
37.65701688574433
33.52565315103766
19.824909154290282
23.202425848796956
39.75457713314609
42.43711629017532
43.48497577262993
36.39042118005859
52.59799732703563
36.52499457344726
30.727114210488374
35.10273551460742
52.45438776581668
38.02159004712309
47.68542578938484
47.28444606142423
45.53016844664433
48.107686663707106
40.91867670036691
57.788935402401165
40.1293570536123
41.0953017369082
44.404353546022314
29.459935329976187
45.4894550024608
45.655813804304515
37.43417806219349
44.34088668700449
37.48781619355758
54.123043410023854
41.17206462688919
49.983458556886575
17.90066914892924
31.209096837254123
40.681850723987715
45.49094973947385
46.42006211502854
42.65284216137899
58.76090611343385
46.87134833475646
41.98117977261514
30.515280385498883
47.20291644211507
40.17403778829253
40.50066476677069
47.44761012190979
46.65984213005864
34.09851347901815
42.56813354699754
33.826837964000724
54.236624561739
26.319521632930392
41.70932079621199
45.70711335417749
45.02959174143952
39.61414863654567
38.23762287435471
30.77986643020536
67.18680472260135
37.43139293455372
41.41245287623947
36.337896957677614
42.588643211220955
39.240687443092575
40.733804936573236
35.61456279844919
54.02906026324691
41.21245069207309
34.581171446260456
37.135152353481004
57.43181860887833
30.995977078452526
39.72222039336459
37.69511607596231
35.06008846915397
56.18482945663739
41.55892187338034
53.186663108263474
44.75701849492948
38.512007915230456
46.351492590757516
27.993528350426686
51.3480290967747
24.31114100791627
33.61702642310246
34.25912914846976
38.81008063480461
45.34180679477964
57.17175679254308
42.6476244569781
61.801075680146326
45.49300009667223
66.98094566076605
43.858499448244594
53.317852748804384
42.62812348389219
55.494094766497675
46.32436525806658
43.24364731534374
47.47990507923319
43.64320344941716
43.20863644421973
32.50042205054881
34.53431366186305
35.29063163837668
61.24870741477255
39.24091219762737
38.30166560389225
29.577167325859563
37.24032612796868
31.26215142928713
57.64403776101376
46.43277674168924
39.846848262076136
33.24281123208051
32.325052509396635
50.232540106738554
25.105265699412612
45.45947048014417
33.37530132343165
22.681423856741564
46.603495029177786
40.899816556304465
41.10974374831841
32.917484332770016
28.137654148229547
52.23051282746906
41.71072606503315
41.71955411325319
33.11059594222999
37.91394807031779
42.14774083264827
39.62440785259555
43.44432963577666
27.669514362380205
26.649715724083162
40.955961037344515
37.32856043583843
25.955480807872572
45.33264116709191
42.59778034729532
45.822399640394906
37.28162782409658
30.02748201390073
33.98837973744982
34.774975992555426
54.27823779427663
58.0576947195105
22.520394696230422
48.10279824443185
39.48635515234678
45.52690037005266
56.938640593203644
26.795432221401505
48.51090296928168
38.145768206556525
25.00010811966558
36.061973587161155
39.1941586031371
30.450301844531516
42.19398830548359
40.90144339376399
35.736581601435724
36.85337373233594
44.320391876028154
28.579431083723637
50.7603575357926
51.66389204556249
35.21056582066797
54.99606471296371
45.173352870655094
29.828404269418634
31.15053105768753
49.675364777969364
15.76080174650171
44.13887688290597
38.86179835171059
41.26038073901828
40.21803688111043
27.795522281652165
39.217639008674844
30.589383093328514
36.01258293003069
42.17489970874536
25.86631398597052
29.12286473247104
42.615064170245724
35.93781925889139
26.582703437240106
49.39127623300091
35.1584437575816
44.432794638984014
57.59876343213038
28.473696356646276
38.26092655881386
26.689722411916247
29.9381791871934
36.25802794639274
46.872051175130224
47.92251228342139
43.18935448614907
29.084174428579015
39.805470678798315
34.70216531265375
50.86709228946138
43.508759324245354
54.845362895683174
37.94154989650569
60.20698045353885
31.022287748147033
26.013950351588853
17.50907149805351
49.91426931528636
30.649033403362814
43.69484947402019
33.85737920707998
35.6919686327052
53.5673830263979
31.964291878661243
50.74723702525992
58.23934472865007
33.24055828142514
42.91884024416752
46.46304860613772
30.399093573955973
52.76071540992643
40.193967330682646
30.125318990551243
44.947693419262094
54.93174969108185
17.354119037635197
41.8754125143958
46.602267858000914
50.52754418699075
33.08684766650621
40.42311626468911
46.2788062794815
41.2048585807221
40.63721183443689
45.773071854386735
40.74637775619324
45.61311277573321
41.16029552803016
38.59563914907254
35.46150400191762
27.512254633438218
23.907058550037725
41.96149625400488
45.352489557206745
41.59080570007298
49.07537500417931
27.331455823783394
48.32244876634865
36.328079668324584
36.97916721204763
30.555868204411748
56.384021735504895
41.32691647765442
67.88593716680862
50.20851492440759
47.91136270306722
38.25591225687449
37.9930497345275
41.190132391502324
51.83041819071911
54.022796767611
30.29623587637196
68.51422975722215
35.52375813359349
31.05383638316488
51.56818290278572
36.373009791103776
26.135877403022526
44.63314541606978
36.11285777078504
43.426731347168406
48.21943295057035
26.17979042759372
35.92375749131036
57.56954359588252
41.043012936585754
37.08281995368858
46.493908119679745
39.77254539554175
38.836958552468886
38.106033331143415
54.02010673256858
38.17717146454361
50.36632727646004
27.821494463911247
35.07250443947308
48.175028880231
39.06270876188491
39.24518255408298
37.682094742251635
29.269805631943655
34.985020238483
39.12973644453906
36.16416301882052
53.244313338357756
49.14323392603689
43.65594606816442
33.22792905246301
36.68967427222243
25.292796939818977
52.369788888096245
49.1109756638709
35.465906608656994
60.85845244636899
31.256197121021142
50.72349314654552
45.78150158461263
40.55503765179023
26.852006726245772
36.284981565390254
34.55277941309043
41.90239771164617
43.995658190014915
41.25492309571303
31.585211673694555
26.656778583449423
35.15453575444479
43.71750470709727
54.35777450567933
32.770197614583815
36.735969498752105
27.025239638418768
41.91349109114811
36.553514376593995
31.225579691249248
15.432827838983396
28.506225156620978
32.24288991696231
35.59488134667596
42.92450158134996
44.635775003609474
53.8689895711725
49.34643784281839
30.64384148286858
34.225375826102635
37.5359601391093
30.054068368304087
33.81562360689938
38.82719454973222
30.34703854062157
46.167590005713464
39.0852329421612
37.62269587825513
12.461967112916383
58.494861285146996
34.27490863160689
44.16015222102242
34.264792309077876
35.449746732472846
31.03128415032831
34.80725108865004
47.28387098862997
47.027811002264585
37.50903918172961
37.579177602538344
45.799133930116206
29.43785857420813
35.32632261160522
39.10077227096479
32.10835329494503
33.39709814966371
29.309872320530253
45.70958706248302
38.85874716977252
39.49469226863432
37.64960168621765
32.994116278888434
29.00892620612727
16.423111018335312
29.51330242040919
51.219702637228295
29.919065464583117
41.439534165981556
44.23587385209043
42.59567595444413
30.665388117283335
20.07489486923501
24.46428881036524
58.344918932898494
52.30974911638249
43.950973235887446
50.164136285089654
58.74533210139265
43.03599236773424
57.43236529934682
45.912676114316625
30.660889788157156
23.92167611533036
24.321741693002032
53.60262182490759
40.56402760750015
36.7734610565168
58.93953415771733
39.2721464970674
43.06129995404859
45.476451706494785
32.68073100795446
29.760829987625712
39.33717460335286
34.88453128265136
52.224211384825196
41.17720489071223
33.55196377699653
31.838020236205367
35.3916270722964
40.90546124810718
36.984202248166945
39.75470604596168
9.310349034709109
25.858676894642855
51.45659651982322
36.37348437044705
27.750602623873995
38.35280880052677
33.94703615027784
52.77425190034202
56.63537456051225
28.511731951996552
40.58562073055032
